1.49051764629 7.5950433748
1.43387970133 9.07957543062
2.55626384006 7.89383600091
3.86740831649 8.23680384748
2.26692848262 7.7731398697
3.17607891026 7.6087632618
-3.29186918446 6.4995397416
-0.664268523777 7.25889486309
-0.0514761359602 7.41107336697
-0.576463619207 8.32846821546
2.1287563084 5.54023130865
6.47298328482 6.63476051775
6.25617765721 6.97093338994
3.34483380041 6.382684268
4.06279589939 7.69588920485
5.48045007657 6.3169282986
3.99587341761 6.08355353451
1.56016126286 7.7938016858
0.764453603773 5.93448825804
0.20241448629 5.00355792346
-0.783328072203 1.03957935697
-1.56031854859 -0.867258638194
-0.88878263699 -0.128072157167
-3.89474640227 1.48807073908
-2.90433549232 4.32408335948
-3.4507767339 1.58598283584
-3.07115342291 1.20359361346
-3.93625150347 1.79484851583
-5.32927998754 1.270246535
-4.62208362207 3.81743580861
-2.30408385917 2.97788885198
-2.39644684972 3.66283603808
-2.69947650153 1.70429963771
-2.34720408493 3.40818739937
-4.52856414105 1.40325127809
-4.5578023474 0.30902203065
-3.81051512576 -0.718233263482
-3.27580712436 -1.44436272244
-4.24554850739 -0.150877231086
-4.46018109588 -0.540972769182
-4.20437206393 0.951813288025
-3.82205186237 -0.00862715330508
-3.44158641773 0.72410617248
-2.24048568607 -0.629178314955
-3.25199640454 -0.0305221842531
-1.15311156062 0.265991061711
-1.61839563201 2.18373316142
1.1966639406 -0.820647546798
0.0571947523163 1.09981528851
1.29276616514 2.36075375718
-0.348575879423 2.05544364071
1.42874235516 3.15685357159
-0.332206121257 2.30068226181
0.783860569033 2.47950688183
1.46501226762 1.07440453041
-0.0428858449789 1.78149720934
-0.241108509158 3.65722902876
-1.51264735012 3.32279083944
0.547054392853 5.49282772113
-2.66796906551 4.51962167724
-1.4749894559 7.25949962164
-1.83360492596 5.80010230339
-2.0415182994 7.23119041305
-2.12265327624 5.16475251983
-4.01082105805 5.43353513858
-4.42930558821 5.30517760142
-4.25014441791 6.38344429753
-5.01481729464 5.18561136105
-5.34776604363 6.84413211108
-6.4728226779 6.69849533904
-5.39713241287 3.81606953406
-5.03957327057 4.93654274316
-4.61928055492 2.73259080112
-3.40887555192 2.07705416721
-3.29567051212 2.11712028695
-3.4362737626 3.41936358236
-2.078645251 1.50583246483
-3.65006397989 0.693892403514
-2.63913573567 -1.2718064559
-4.68281043127 2.24590677943
-3.19768241118 4.54836486922
-3.54590951463 0.198548681459
-2.12604789295 -2.74541634386
0.92101060897 2.06987907649
-2.98051999983 2.32184332806
0.500571379281 3.17004355804
-2.37114631451 1.22158169587
1.4380535506 3.09735435795
0.584760642981 1.7137509323
0.44419942737 3.04768358477
-1.73720034667 2.32411702297
1.5444267139 1.75657067945
-2.50110571591 2.56716046395
-1.02503105733 2.9494811654
-2.23209671725 5.43485521511
-1.24431886962 6.67231537076
-1.79664818254 5.6184241336
-4.98043081475 4.86770114627
-3.34654275328 5.1218740835
-5.02477931731 1.56424207822
-2.86068980091 2.44577032071
0.0 -0.0
0.0 -0.0
0.0 -0.0
0.0 -0.0
0.0 -0.0
0.0 -0.0
0.0 -0.0
0.0 -0.0
0.0 -0.0
0.0 -0.0
0.0 -0.0
0.0 -0.0
0.0 -0.0
0.0 -0.0
0.0 -0.0
0.0 -0.0
0.0 -0.0
0.0 -0.0
0.0 -0.0
0.0 -0.0
0.0 -0.0
0.0 -0.0
0.0 -0.0
0.0 -0.0
0.0 -0.0
0.0 -0.0
0.0 -0.0
0.0 -0.0
0.0 -0.0
0.0 -0.0
0.0 -0.0
0.0 -0.0
0.0 -0.0
0.0 -0.0
0.0 -0.0
0.0 -0.0
0.0 -0.0
0.0 -0.0
0.0 -0.0
0.0 -0.0
0.0 -0.0
0.0 -0.0
0.0 -0.0
0.0 -0.0
0.0 -0.0
0.0 -0.0
0.0 -0.0
0.0 -0.0
-0.325990770799 -5.19138208893
-0.17269857311 -6.37068801495
0.478731274943 -6.88995914238
-0.498612467336 -6.33376243268
0.211975187885 -6.09920121669
-0.213428927477 -7.14467947036
0.682921648298 -6.25567322781
1.14579247008 -6.18362699331
1.01082205238 -6.70357510532
0.841899391663 -7.22294110494
1.24308564859 -7.34057119272
0.541289391514 -7.52934843891
1.46324951847 -5.00573259331
-0.61349118546 -9.77482710042
-0.0281129540991 -8.96649660059
0.929406912385 -9.24913260273
0.297749133837 -6.9429967114
0.0111473706065 -11.2235186165
0.221811968704 -9.19969272068
3.18039340816 -11.639643811
3.81704939396 -10.5567584902
4.30747076057 -10.7820570626
3.91562064041 -9.90056903342
3.70709628415 -9.19220246918
3.88577468367 -10.2082404132
3.76196187136 -10.1236378569
3.06906727524 -10.5119914677
3.80779328706 -10.6317460873
2.87825683068 -10.5331338126
2.53664849628 -10.8013252296
3.42337774137 -10.5883572217
3.52035928106 -10.471834213
3.61496417721 -10.5016717355
-1.48653715591 -13.622461677
-6.34994629572 -9.02351623435
-7.95291704879 -7.3769681228
-7.97391025355 -7.70884074722
-7.07970192413 -5.26705596446
-5.75166501808 -5.88919256579
-6.62759235608 -6.17689218475
-6.45399701217 -5.56510392901
2.9478938653 -12.286280469
4.2382339924 -13.0940984004
1.64653669479 -14.5203056042
0.896107633139 -14.6220427249
2.28375355751 -15.8319775666
1.19665319024 -11.2803169639
-1.00431449107 -13.4423238774
0.603546351532 -14.0425145302
3.07975431757 -13.048832074
3.20990950648 -12.6433824691
2.52871571231 -12.3066175722
4.02329812574 -9.89474861583
3.92720236972 -9.84701514314
4.70820481209 -10.6639967368
4.26132097886 -10.5264601851
4.06838540563 -11.3595338393
8.61651251704 -7.23388552933
5.80365291023 -5.32575634897
3.96786263231 -10.4914676905
7.66521598535 -2.52817064066
3.81903120292 -8.05206132904
4.56745106569 -9.19664202025
-0.849770151008 -8.13564258163
3.23608724771 -8.98128876773
4.60417717083 -10.7819952847
2.69102715211 -9.75985907713
3.14331374253 -12.0997224637
2.69020577812 -10.5160771113
4.59393387693 -10.1047315078
4.71950611306 -14.7456448118
1.02675478439 -14.4792705827
1.19283411062 -14.0182522358
0.762878541718 -14.0906980574
1.06941468023 -14.1219308947
1.40144645683 -12.8554678424
2.17085164664 -13.2111762055
0.672354047579 -12.4851594233
1.48176656109 -12.649417112
1.26846176797 -11.8512766053
1.21369150842 -11.3399659252
-0.254753611894 -8.32605189535
-3.84037847124 -0.276985370729
-3.27457098434 1.22305213701
-2.27267183541 1.60247169047
-0.986227191773 1.85368112844
-0.850789113496 -0.0912631578862
0.194670238414 2.27310542937
-0.564201297068 -0.178402651684
0.412345849654 1.96414556497
1.87621932267 2.08855072776
0.331263129574 -0.363916735783
1.42215516552 0.636547647787
-0.488790376087 -10.3897880665
0.235174252839 -15.4642341953
0.606752462836 -13.4363356784
0.888553310943 -13.1014976759
0.455775393586 -12.6954104808
1.57449657694 -12.908341272
2.4199311895 -13.3443534565
1.61252555074 -12.6369397016
1.73076752898 -12.3119538126
2.45200949451 -12.1001499039
1.71802660657 -11.5965829425
1.27246044609 -12.1246617719
1.49607695845 -13.5802496234
1.11961515251 -15.2349928223
0.991688664704 -16.2420770596
-5.15822772316 -2.39633013866
-0.754916193401 -1.38703837047
-3.04729615258 -4.33136546584
-0.464599126084 -2.62816148892
-1.08487420721 -1.43196904993
-1.35763635133 -3.47100119101
-0.778937848776 -1.98522947774
-0.291103770083 -1.59978426609
-0.788315854323 -1.19605172618
-0.79785383429 -0.555836311262
-0.561265657425 -1.79791358456
0.343199147651 -2.37469644124
0.161509011393 -2.70352081643
0.603970947013 -0.692617937847
-0.388310705181 -2.40271271965
0.208740001151 -2.33751804289
1.32121625443 -2.11616571819
1.71129275524 -1.03877360627
-0.921250283092 -4.14870435786
-1.46593697851 -12.7398085309
-0.396013332746 -12.9645548991
-0.470095312158 -11.105467315
-0.671267190099 -10.3189690833
1.2420087646 -16.0587729079
1.11600576198 -14.8033143485
1.57836003336 -15.6715091888
2.10219997906 -14.0377056684
1.7109429911 -13.4059135806
2.21249386168 -12.7267112018
1.86249078548 -12.0038697363
1.1839652628 -11.9269528724
1.51742595687 -10.5012834614
1.24873616252 -6.45782611276
1.46617958965 -4.57227313095
2.59772099068 -2.67053002745
3.73359330457 -3.1769300766
3.72532049869 -0.479781761088
3.00409436108 -1.12677822448
3.67338253767 -2.90646682362
3.47129655021 -4.27553550633
5.6564343454 -5.66587839584
3.4107107172 -5.48240666573
3.11121880235 -5.6651382775
3.47208701943 -5.46632700288
3.99025355044 -4.16515164154
2.76129250506 -7.53144788315
4.28194201966 -7.9326913952
3.46168906898 -8.15772916173
3.9511692886 -7.95122642371
3.90898333414 -8.35643259459
3.99257869073 -8.17465383231
4.65319448446 -8.23110651423
6.34528389017 -10.5793580314
5.55506897291 -9.17619539277
6.00141606999 -9.7983654366
5.73568911495 -9.52389897525
4.16696121625 -9.38795563294
3.61134167688 -9.29392841431
4.31646345416 -9.44872581535
2.64477793771 -9.42068348119
3.53041681812 -10.2338698381
3.21757129113 -9.95181224915
4.29083521198 -9.3729871454
4.06452580484 -9.6144427503
4.66683202457 -9.51325019582
4.65395784263 -9.24210749042
4.15173525508 -10.263259838
4.4855604058 -13.0598266226
5.58533431818 -12.3254291443
4.08358676459 -13.5762540541
5.27553129062 -12.7683180137
4.82498954452 -12.0124665618
4.65858760081 -12.9768619899
3.58537743047 -12.2100184999
3.90855269702 -12.0276622321
3.30843102577 -10.9986614705
2.94698919821 -10.906148788
3.12682311251 -10.6869461006
2.50107546571 -10.1792817143
3.16109585817 -10.4768221626
3.22786035735 -10.2063221251
2.97879513584 -9.92245322196
4.29469996431 -5.75569207942
3.19561464868 -6.17039750251
3.92640419238 -4.73222323901
2.7536869274 -4.31060272937
2.80356365333 -6.04690606337
2.56449270142 -5.87442343241
1.60811854176 -4.43399746071
1.69724816208 -3.93576370007
2.12955144665 -5.12442942776
1.13012237125 -4.65453592192
1.98253910117 -4.83802302948
0.819105573287 -4.10508587068
0.416529626287 -3.43076739089
2.56684752259 -5.43251523545
3.05051452084 -5.33137575086
2.62134733089 -4.618522677
2.59752677713 -4.21213385262
3.30161562058 -3.86020769838
3.1904740778 -5.77331670897
3.45181265621 -4.78560380883
3.47035032144 -5.64383109419
3.38629999049 -4.83550972205
3.15320252396 -2.96589605754
4.23929305687 -5.02646443958
4.07383895096 -5.0930885319
4.08391015444 -6.06007595888
3.98558068302 -5.848090215
3.7956526965 -4.99087630569
3.97024321663 -4.30556987736
4.90720166641 -5.96523698798
3.91875413995 -4.52936742598
4.07669982185 -5.01936305016
5.17702352075 -5.75135120606
3.96330747999 -4.60571283553
4.38879267461 -4.68771209767
5.12615161176 -4.72013662193
4.66822799384 -5.28604303353
4.16541726342 -4.91516149744
5.52709307808 -3.93476118448
3.68533724567 -4.30530556577
4.33540028107 -5.09081112806
4.89443423924 -3.91761286142
4.30633085523 -4.51090476268
4.16947309829 -3.88458763431
3.9528376258 -3.68730982005
3.54485060863 -3.90564692655
3.61740064658 -3.35651832907
5.37972340142 -4.68536531123
3.48499494221 -3.09354021674
5.22538646033 -4.82616930112
5.41100391597 -5.0222209501
4.8022050671 -4.68134703936
4.54139665624 -4.79723149134
4.65220919874 -4.48664363275
4.08369741132 -4.68051778302
3.93742861225 -4.2818119912
5.36459616634 -5.13581090076
4.5174555898 -4.63261459881
5.6218836714 -3.8796758154
4.44805772926 -4.68536544784
4.00933186015 -4.24006342027
3.52672478276 -3.86203793156
3.9314912743 -3.86456395969
5.47057025117 -3.98898135198
4.83196967899 -3.61854426091
5.25309559815 -4.23546292413
5.65163031681 -3.23115849458
4.91437911886 -4.38595194959
4.31311845433 -4.14927199512
4.20531586431 -3.79472199234
3.65186118801 -2.81950158636
4.9748393777 -3.9434318774
4.3391346579 -3.89818874377
2.74112353604 -4.21946030103
4.52388457093 -3.89900054376
4.69933644456 -5.38342302128
4.67963978784 -3.84529644997
4.52831624678 -4.47949588202
3.79353249332 -3.88196232821
-3.86740694532 -8.66295745226
-4.23739092772 -4.28884219213
-4.71175910887 -10.3822297816
-3.33403893215 -6.22719359173
-2.76680174313 -6.99722873287
-3.41370010872 -9.58634715199
-2.81606871362 -8.74530440488
-1.72685599293 -8.95092480471
-3.05212987229 -6.43482723603
-3.69984488405 -7.25682773027
-2.4781430495 -9.27015839117
-1.19335604359 -8.8951084246
-2.41976020267 -8.52591216027
-4.13588642555 -8.59431522122
-2.44641730177 -10.4434169173
-4.24910065401 -9.19364182597
-1.924102819 -9.26273500442
-2.30290976074 -9.39714182163
-2.79957718077 -8.56994147444
-2.89889962204 -11.0538784595
-2.75496643159 -8.24209069873
5.90965754798 -4.91437487573
6.50045749031 -4.24799715892
5.46032576084 -3.8192432541
6.18323494443 -4.82478591863
5.01853365322 -3.93177700342
4.28977289849 -5.40538884413
4.04360489643 -5.37306105059
3.40821887674 -5.1538393411
2.72650008024 -4.54529818686
3.66844208432 -3.48644209921
3.15970728173 -4.64778215811
4.27927638308 -5.07569732962
3.79907753848 -4.22286809683
3.92941855442 -4.74534375241
4.34489378436 -4.52694198883
2.8532513438 -3.11185944533
3.71300661842 -4.87406090084
3.75665559966 -3.58017203532
6.02799602532 -5.52765527413
4.55284746263 -4.34143764039
2.12680511454 -2.57491940831
-1.17561712361 -7.05301198451
-1.39882031154 -8.89325363879
-4.50809362552 -0.199814440582
-3.47514729519 -1.03212036951
-4.68306140264 -3.80788450945
-3.85965572409 -0.0608803996855
0.390523242763 -2.40857183892
1.80311126183 -5.05568298841
-2.24560930552 -2.68416337433
-3.51784788472 -3.11163910763
-1.8973068962 -4.6462835673
-2.93718881565 -3.69398026267
-1.4783466268 -4.3138431356
-3.94333096579 -5.43057112066
-2.93110307589 -4.45414788676
-2.98426494612 -4.73766049182
-4.51814002452 -3.01247891726
-3.45629634495 -2.42400458007
-5.42357928205 -2.58930042014
-4.78485390931 -4.06946766939
-6.00203229189 -4.3254481712
-4.87100591116 -1.06322815332
-2.9629192384 -4.41309102709
-0.0410694041593 -4.35004977406
-3.26694448011 -2.84502451835
-4.69718976139 -3.82750883526
-6.01697416651 -4.594050517
-5.64373198147 -5.42377084638
-6.13641869111 -3.6863177238
-7.70604538618 -4.66104977995
-8.03457510824 -4.49630205062
-8.95527358215 -6.10465028808
-8.64571157309 -5.27960855011
-5.97256937953 -3.15269319304
-6.28251058852 -5.19377103024
-5.61145870994 -3.54268851318
-7.51104115265 -4.69006539139
-7.62202411294 -3.78417677062
-7.35288611879 -4.97896636991
-7.86633668119 -5.15935958609
-7.64537047291 -5.06604940639
-5.11868233597 -12.616030218
-4.92345405422 -3.44768583334
-4.78209094882 -4.31245215654
-4.61691682733 -4.25676188201
-3.64438396158 -3.97955513158
-3.72361100883 -4.94869179425
-4.79249438861 -1.48364473391
-3.26596688741 -1.84273461296
-5.94079010405 -3.53037479899
-5.67502095356 -3.15237061789
-5.5452297644 -3.28719083562
-4.2695924179 -2.22893416987
-5.57503663853 -6.23051125898
1.46304639933 -6.74984288349
7.23023924116 -4.51025368705
7.03026788134 -7.79930330848
6.14315084851 -5.78276993271
6.59151785786 -4.2626843704
6.09093294653 -2.44423853911
6.07889787913 -4.70634620397
4.88148504296 -2.72442922019
10.2597736891 -2.70718079481
8.30545879348 -3.82110980064
8.42590051246 -5.29372651846
6.17242579759 -2.96901114886
9.04226079207 -4.77246130622
6.73718549071 -4.30596639198
7.00538377247 -5.99156104329
6.63160105806 -4.80665149907
4.34771467561 -3.3896335528
5.26480317785 -4.78447588189
5.63306605169 -4.73536636349
5.08411899458 -4.27940036373
5.24056196637 -4.47500898417
6.60800894993 -4.65822435019
5.9383592079 -4.1790617294
5.94915626065 -5.00449814749
7.19184458561 -3.86996276101
5.63118105741 -4.20753871909
6.76632267331 -4.80864075007
6.40421442517 -3.46346728874
6.32325320857 -4.204301918
5.91015815486 -5.11647846129
4.93737842091 -4.96745193911
4.47706744735 -2.97378583583
5.72996123855 -4.77932653685
5.23655693866 -3.68154414274
4.47608054218 -4.3250213202
4.58290567399 -3.32894496169
5.50081283191 -9.12045934333
3.56084727547 -1.97243364916
3.11416483028 -8.15173688983
6.62258034363 -10.2451845906
4.81345613527 -7.62587566076
4.10850768158 -9.08296970613
4.3173020332 -10.7178824761
2.97629091478 -10.1662891742
4.68690118333 -11.7348495722
0.74447131173 -9.32590326772
7.43807331298 -10.6766622464
1.78058174399 -8.44063929082
6.03647396348 -9.35972178104
3.36383817081 -5.82054653867
4.18635821526 -5.7968781329
4.48552404654 -5.40103787326
5.32455009151 -5.99617835417
5.87961200853 -5.12911250904
5.30658113313 -5.50455346988
5.22720348021 -5.04407219423
6.42948667542 -6.50015872141
4.67886781904 -5.26789836021
4.29795509818 -5.58567435486
4.64155809199 -4.99424412776
5.15274001325 -5.54862228958
3.3807506841 -5.95641155739
4.38953317812 -3.77306066423
5.19134736868 -5.08636816755
4.24590905268 -5.09145408165
4.29551153802 -5.62299584185
3.98238447903 -5.75846147385
3.70519668751 -5.44430298731
4.92545007822 -5.81398121521
5.14304924598 -5.54961975992
5.65739829068 -4.13609421009
4.34471874493 -5.97226670881
3.47412284423 -5.98735420799
4.92858343844 -4.56194628516
4.69541640512 -5.98148380684
5.25719222267 -6.61671500054
5.23255959743 -5.14966883147
4.52600821749 -6.48709316324
4.84910914761 -5.4359479312
5.41000648263 -5.29924213471
5.19474300952 -5.90656655206
3.55051991997 -4.44724253218
3.88356496785 -4.31490080337
4.72253103775 -4.68886601868
4.35727274849 -5.71465291491
5.00506367793 -5.93615799649
4.82170036727 -5.52193393455
0.0 -0.0
0.0 -0.0
0.0 -0.0
0.0 -0.0
0.0 -0.0
0.0 -0.0
0.0 -0.0
0.0 -0.0
0.0 -0.0
0.0 -0.0
0.0 -0.0
0.0 -0.0
0.0 -0.0
0.0 -0.0
0.0 -0.0
0.0 -0.0
0.0 -0.0
0.0 -0.0
0.0 -0.0
0.0 -0.0
0.0 -0.0
0.0 -0.0
0.0 -0.0
0.0 -0.0
3.61852035352 -11.0171223023
3.89527078338 -12.7243228145
1.50786663522 -12.8721824913
2.33263741603 -11.4797761701
3.26634601248 -11.273117823
6.99475338779 -11.8704689425
6.71488735069 -9.74640916352
5.39908829337 -12.0303392041
6.07365654604 -14.2271439653
4.81095088194 -12.2669580877
2.48152884213 -10.3897264406
5.8939909899 -8.8723670615
6.12124114582 -9.41459555959
2.87861331387 -10.1029543085
4.07135501015 -8.35477065732
5.43820309511 -7.51282217957
4.99564777218 -11.8350564513
2.92594855553 -11.8910625137
2.78689788677 -8.45180834894
5.91135047412 -8.84076383972
5.11380195835 -7.17613074468
5.98367496006 -6.80457965301
6.92085116608 -8.30652175305
5.02426033477 -10.9679704919
4.84096471131 -8.40687111305
8.49798538995 -8.1353949994
5.02141881028 -9.33140110482
3.82428892188 -8.18602733882
6.06573857659 -9.27894094521
5.60208870107 -10.484015529
6.81546510919 -8.68555861463
4.76814326165 -9.58780010048
6.00637232664 -8.5148271036
4.98958183201 -10.5160828173
4.53970381584 -9.32524119706
6.81007821724 -10.5041263593
4.43729448789 -9.00402152623
5.33966969892 -8.03125933179
4.86719759884 -8.78692524728
4.07944677682 -10.4038743823
6.67220931497 -7.51761803147
8.11429181507 -8.2360884847
4.45879666803 -9.6428302296
5.17529909639 -9.11107112095
6.48506257208 -7.63229509419
5.4089289455 -6.86079478738
4.71081329383 -8.18215806062
6.30248964274 -8.3599467173
7.58983504276 -10.0596670359
4.88856920328 -10.6293667331
5.16476693514 -9.48944782235
4.40745285067 -11.0185175468
9.66236142259 -5.08227393777
4.39408449489 -7.60733412565
5.43688583786 -7.89754934459
7.65431626627 -12.8224436168
5.26156251566 -7.0598863862
6.84804367774 -11.7712954965
5.42090581863 -9.00876894135
8.54422180282 -6.37850045913
5.75720349152 -7.4325502331
8.61749119677 -3.11859072742
6.24827911383 -11.9546053234
2.06599073104 -10.9745316015
0.708029425182 -7.30530124922
0.90274835144 -8.85102653175
4.87058211237 -7.11421098341
4.89340299773 -7.8039687149
4.03547333939 -6.14926654344
2.70951215152 -4.7729399735
3.40899644775 -4.85757265205
2.8521860348 -3.95761717283
3.42605607611 -3.63858757727
4.37211068326 -7.23379804581
3.97697495892 -4.92101424243
3.047090445 -5.16400285305
0.0 -0.0
0.0 -0.0
0.0 -0.0
0.0 -0.0
0.0 -0.0
0.0 -0.0
0.0 -0.0
0.0 -0.0
0.0 -0.0
0.0 -0.0
0.0 -0.0
0.0 -0.0
0.0 -0.0
0.0 -0.0
0.0 -0.0
0.0 -0.0
0.0 -0.0
0.0 -0.0
0.0 -0.0
0.0 -0.0
0.0 -0.0
0.0 -0.0
0.0 -0.0
0.0 -0.0
-1.95659079125 1.2113498765
4.52121432293 -3.95967774764
4.171493497 -4.38050515029
5.9123606061 -4.81603137477
3.60010738384 -5.59527247659
4.05362974568 -5.28643660742
4.10928581176 -5.51425699017
2.44586485048 -3.81349089877
3.90278402328 -4.71303158635
3.29608105485 -4.54138575201
2.27763586592 -4.4355229625
2.47551383216 -4.68823540445
2.67071176373 -5.11928546444
2.65388515666 -4.36477894273
2.49851105355 -4.66408003604
3.94766422081 -5.09718434654
2.42983543679 -4.22428072021
3.40186724511 -4.4857488429
3.12811144936 -4.58270289842
3.53684598732 -5.88233320277
3.77863485994 -5.17406937727
1.89373985566 -3.92218909298
3.07011257542 -3.64400951482
3.45310860525 -3.96501377061
4.17300914065 -4.08153975797
5.17864643641 -5.33747053154
3.12558936308 -3.5850742512
4.36840754588 -6.4641179341
-2.69832622028 -4.73312060537
1.44645709479 -8.24010742239
1.42157913273 -8.90843970372
1.07677599981 -9.30194675998
0.585069546281 -9.62378419407
1.83975483572 -10.4817570792
0.895841262158 -9.97778416787
1.83789171812 -10.7038383729
2.02982516826 -9.92827388329
1.7936966676 -10.0952492595
2.93711981956 -9.43411472088
2.52978364015 -10.0047154805
2.7720269402 -9.44693835348
3.22490181279 -10.5595512701
2.82560592824 -9.78875194573
3.47270805483 -9.80751860952
2.33350186982 -9.92257113776
2.23854212902 -7.67534713158
1.24431012269 -7.66947671305
-1.50414206609 -2.12696563616
-2.36482018386 1.57611011081
-1.66287437399 1.29045731151
-1.79897432966 1.00654920295
1.14702574083 3.8555158834
1.25142848164 2.94683055703
1.28851953704 3.0809851986
1.37564045687 2.95821629775
1.29023717136 2.6171906955
0.858099209364 2.27201000217
1.39771752939 1.73841077449
1.20106062809 1.49311040855
0.352489702827 1.43827665635
0.925048154934 1.05897124823
0.903488552282 1.20747639908
1.38260484561 1.61669481784
1.65800921785 0.967031521178
1.36821851867 0.97105639932
0.76340996268 0.575538445503
0.827236919853 0.969276376182
1.51815068089 0.56129353542
1.47648820306 1.36070973152
2.00534276582 0.409964339411
1.5690881074 1.10818269007
1.65158361325 0.416026931201
0.81979107207 0.646639218284
1.21928834074 0.823106904043
1.59449727027 0.6034147344
1.50777234805 0.607171536318
2.18539249927 2.16466329738
2.03796901558 1.88825170166
1.71745986489 1.90860119241
3.01314355007 1.22746006124
1.68886258109 1.48093935038
2.14034079315 0.941562113088
1.91398693718 0.464529271188
2.34246168554 0.639323920427
1.24722364399 0.898207768599
1.7999582523 0.203884475444
0.724662789219 0.406454876321
1.31007321999 0.664905884204
1.18389300185 0.292425407682
1.61750122965 0.150635095749
1.27201656331 0.88127763117
1.1322640761 0.906073423077
1.99842071966 1.07298968197
1.87304050588 0.703058119317
0.755442448309 0.2935703686
1.30879783273 0.753186586044
1.16237785526 0.0906575118412
1.29870865474 0.800373018645
1.18345245088 -0.00227855899738
2.25335141688 0.308933693659
1.21812189527 0.160439130684
1.32107389622 0.3675741653
1.34703260201 0.566601835653
0.764786297883 0.139731213616
1.15022471684 0.532334243384
1.06073612178 0.0860327271812
1.7234203807 0.262142171669
0.722789174503 0.849069694273
1.17408275791 0.810425284249
0.798515916651 0.676340613276
0.917525354975 0.115540996982
1.64884905315 0.189107964534
0.658025430775 0.0458049483619
1.10938904276 0.632109016431
0.790316801229 0.39639135852
1.53038602554 0.926525837951
1.32405176355 0.284803623378
1.34563892309 0.383650323022
1.13341357359 0.586278138047
3.33217236994 -0.339130634956
5.73444283362 -14.4891985608
6.03558092633 -11.8927847205
6.30751002752 -12.4068739916
5.48846890523 -7.81385389619
5.23343873027 -7.48933755786
5.45425677024 -6.54381528118
4.74935083766 -7.03672374558
4.46867008653 -5.65255706608
4.09357411912 -5.90986178602
3.28110192045 -5.99076395205
4.61448163115 -5.63112421105
4.92484433752 -6.19455364051
4.77791883579 -4.58085636965
4.65510605078 -5.54334629377
3.37922285865 -5.55154786563
3.78828260431 -5.0262266891
3.99378536512 -5.8062457805
4.5506543377 -3.23192424011
5.24583854174 -4.06129866399
1.739831709 -5.19532980471
3.07419518958 -8.19233933397
4.67110874978 -1.52721237105
4.01898235639 -6.36665613584
3.18951733066 -5.61031161131
-0.225092175716 -8.50293583652
-0.680772205919 -8.2349163535
1.25211722724 -6.70676946339
5.047915978 -4.08054390166
6.55591597113 -4.93561485069
4.13880103584 -4.66363564009
3.6232524637 -4.66990105681
2.945718383 -2.22117491615
4.00364511156 -3.47427455132
3.49280511745 -3.96660061237
4.95026631685 -3.48689425867
2.2613786553 -3.03592678202
4.83434916235 -4.71220963864
1.15781951584 -4.5286409085
2.34231401117 -3.45441642951
0.849078377205 -3.68549678645
2.91215807482 -5.15510853469
1.13752296919 -6.30601643731
3.97047434412 -3.38326751907
2.82621124026 -4.52484694622
2.12656343697 -3.6514425967
0.279613611049 -3.83964182136
3.17392042198 -5.02965604816
3.33942309385 -4.74237614668
1.05363358446 -6.15246960512
0.480431249742 -4.43377959803
1.72865614809 -6.84446849387
-0.482352357436 -6.43238000947
2.49148316583 -6.01095417704
3.06310307405 -4.55325022041
3.00532999187 -2.91085088018
1.84735144065 -5.25027345912
2.42450271969 -5.1128862164
2.7077527264 -7.54877466128
1.5297187475 -5.74127241766
2.68327416766 -6.03037599355
3.47342547755 -5.40003919123
0.222292263932 -5.60877016194
-0.797526664369 -5.74685661776
3.48966365087 -5.06756614264
2.55452070918 -5.15945410406
4.60093129869 -5.65635147071
2.40868303473 -4.92842141718
-1.4050275687 -5.5664229352
0.715334342264 -4.23232256069
0.273757692131 -3.4753817145
2.83242825144 -4.67978003674
1.0603765104 -3.20997649934
1.24191675881 -2.88406769753
3.47892968591 -1.14296521444
2.64256054541 -1.94148685597
2.20940871464 -6.56421522962
2.55633155195 -5.50335765878
-0.229861557573 -1.97879529109
0.331283074357 -4.2634212056
1.56117784116 -2.71060386405
2.30161305909 -1.22015664409
3.94093845617 -2.51209192447
1.01923110081 -2.99452064411
2.40384062804 -4.95645463742
-0.192581283889 -2.39693654097
2.05347308459 -1.77790045661
2.89011244495 -3.10388191497
2.85843132462 -6.15281897052
0.530005072574 -5.12546474392
2.5716390652 -8.74891423939
3.02480448382 -8.79349099273
1.00524979976 -6.36196103706
2.17923910152 -7.19742250315
2.40297000116 -7.39988536925
2.07588665923 -5.01802223579
3.64898415939 -6.42655899729
4.88362007643 -6.87693514031
3.67091305283 -6.09252158386
2.64158346521 -4.37764121306
1.4372452931 -5.21676000302
1.89262566782 -4.72423798832
1.96503399644 -4.0535675909
2.90303683228 -4.75041306307
2.85465152827 -4.45675860863
3.52554515257 -4.10153591515
2.51144907963 -3.44477087291
1.56799891359 -3.98505821222
2.0902942714 -4.91533910858
3.73536080932 -5.06847514595
3.16703186209 -4.45221865946
3.07739187519 -4.4667922834
1.08647233228 -5.41946310061
3.17618143146 -5.55137222919
1.38603084408 -4.58764003875
2.10888100748 -5.1367616107
1.16075849355 -3.8117074258
-0.388627792577 0.153511265272
-1.74696699405 -4.22497293637
2.49976982226 -1.75028333281
-0.985998718525 -3.79173446004
-0.0302453450309 -1.90933195164
2.62960088553 -5.54381890078
6.20522688996 -6.16006285455
0.885683570092 -6.07255733737
3.96905036349 -5.36942414901
5.61003779579 -3.15880679875
0.824251714765 -3.17464342396
5.05631839794 -3.34698695593
0.146202937001 -2.32686669009
3.80654639237 -1.69672221951
2.34938767469 -0.30745088311
2.16014913692 -0.934210756644
1.42456335457 -3.56401011864
0.655222582029 -2.28670524089
-0.592248671773 -3.04946228592
-0.136297940598 -1.80052050112
0.472634980806 -4.06475975536
2.34119209898 -2.65397030535
3.8092826611 -3.47308865993
1.91721152086 -1.68627198861
1.69415001108 -5.24450715677
2.10080158081 -4.2132674179
0.657895726646 -2.91687769747
4.05075130937 -4.22509966816
1.77559025756 -5.69100713076
2.22399264298 -4.6705232302
1.2728784342 -3.43395056236
4.23887998495 -7.09779807304
1.51067475399 -5.76252834432
4.83318529569 -4.55729738236
2.33210654695 -7.48427917509
2.42244671681 -4.89867624035
5.58857310958 -7.31395587289
1.94996093181 -5.064163954
5.0769924681 -5.94985789897
2.43161006314 -5.41467224011
3.59318944665 -6.27146829714
1.09326772375 -6.92814753439
3.37246967538 -8.9134196276
4.73039290411 -8.18237212947
3.84908394698 -7.74226561924
3.13825333469 -6.63166204557
0.970484806439 -9.2676574454
2.44215341841 -6.78769150736
2.83654226455 -9.34190783024
0.343045892009 -6.14430744018
-1.53033195858 -6.4866350816
5.24996266248 -6.22740934161
1.60669082458 -6.78214004793
2.2918381599 -7.36196930106
0.969596166552 -9.23887157451
-0.479711672801 -6.88115016349
1.74097567015 -5.8010550955
2.45453299191 -7.60338687296
3.87284355315 -6.3815446386
-0.00284014296486 -6.3062095082
0.972381230559 -8.13190510198
0.805223449813 -6.77719576258
0.981877217092 -5.5129498055
1.81627873258 -7.85951287065
1.08419904146 -3.90432260489
6.40441427324 -5.63501823369
2.06567138492 -5.74358315402
3.05892119421 -9.92589642847
9.06647222145 -2.9674745305
6.03695626901 -3.57996929467
6.0362362638 -0.98648635427
4.85079755445 -3.889274202
5.99493321756 -2.6447082105
6.0901893351 -2.90982561013
3.88320043532 -4.35679195371
2.64594542841 -3.66872372213
3.98208988702 -4.33646271519
5.72015695788 -1.4335789981
4.85346355386 -2.76745257335
5.28676189917 -3.70994121078
3.34570743675 -3.00542316567
3.78335188337 -3.12700653774
4.4890585588 -4.23562973528
3.17189195094 -3.44076101686
2.03880053073 -6.55013520774
-1.48243268973 -3.90346303595
-0.619523540331 1.89080675645
-0.502507427763 2.10977557135
0.327327806804 1.78778253776
0.678756988792 0.303912633747
0.955363022056 -0.669703663157
1.65261087202 -1.74734484311
2.04747976278 -0.55555647005
1.47433316646 -1.24540736055
2.2671948431 -1.17277969007
1.7007854447 -0.482012681367
1.58474810015 -1.17320842634
1.98635886447 -1.16628030269
2.3141954611 -1.21476569421
1.48031119807 -1.41565123459
2.90489438139 -0.339323116234
2.69683748379 -1.84282319178
1.90334470847 -3.08576253729
2.39153693319 -2.94201510841
1.30809845701 -2.93389930395
2.13789074119 -2.89082767098
1.92690825293 -3.38406422065
1.61248131525 -3.62172714268
1.92306103005 -3.4259570298
2.83591376862 -3.649227425
2.20692901105 -3.96642090166
2.58236171766 -2.93878444436
2.42716706654 -4.10597700166
1.9687090922 -3.97521262974
2.6176677319 -3.50818486953
1.43341841523 -3.73266184805
2.13292504997 -3.48692461816
3.09877877452 -3.68737676415
1.93632112098 -4.14413792007
1.89882885677 -4.54627618487
1.35663511323 -3.70133859447
0.150125982273 -5.20268039641
2.52064351923 -17.2330827063
3.12962399468 -16.4024464466
2.8597875021 -14.4141004074
3.62682781375 -14.7186505299
3.70295905907 -12.1803219792
3.77425170526 -10.1917159489
2.82550791472 -9.38474855422
2.47202493416 -8.14634471624
0.55558558968 -7.81434635255
0.211654492725 -8.36453573642
0.658543598477 -8.07867552032
0.306716398229 -7.6417023364
-0.219341085306 -7.57375028645
0.489400284678 -8.33532601369
-4.53085514711 -4.43875733693
-2.12595859073 -1.49953063314
1.14314980543 -2.51429857516
2.72904004614 -6.90133877445
0.0 -0.0
0.0 -0.0
0.0 -0.0
0.0 -0.0
0.0 -0.0
0.0 -0.0
0.0 -0.0
0.0 -0.0
0.0 -0.0
0.0 -0.0
0.0 -0.0
0.0 -0.0
0.0 -0.0
0.0 -0.0
0.0 -0.0
0.0 -0.0
0.0 -0.0
0.0 -0.0
0.0 -0.0
0.0 -0.0
0.0 -0.0
0.0 -0.0
0.0 -0.0
0.0 -0.0
0.0 -0.0
0.0 -0.0
0.0 -0.0
0.0 -0.0
0.0 -0.0
0.0 -0.0
0.0 -0.0
0.0 -0.0
0.0 -0.0
0.0 -0.0
0.0 -0.0
0.0 -0.0
0.0 -0.0
0.0 -0.0
0.0 -0.0
0.0 -0.0
0.0 -0.0
0.0 -0.0
0.0 -0.0
0.0 -0.0
0.0 -0.0
0.0 -0.0
0.0 -0.0
0.0 -0.0
0.0 -0.0
0.0 -0.0
0.0 -0.0
0.0 -0.0
0.0 -0.0
0.0 -0.0
0.0 -0.0
0.0 -0.0
0.0 -0.0
0.0 -0.0
0.0 -0.0
0.0 -0.0
0.0 -0.0
0.0 -0.0
0.0 -0.0
0.0 -0.0
0.0 -0.0
0.0 -0.0
0.0 -0.0
0.0 -0.0
0.0 -0.0
0.0 -0.0
0.0 -0.0
0.0 -0.0
0.0 -0.0
0.0 -0.0
0.0 -0.0
0.0 -0.0
0.0 -0.0
0.0 -0.0
0.0 -0.0
0.0 -0.0
0.0 -0.0
0.0 -0.0
0.0 -0.0
0.0 -0.0
0.0 -0.0
0.0 -0.0
0.0 -0.0
0.0 -0.0
0.0 -0.0
0.0 -0.0
0.0 -0.0
0.0 -0.0
0.0 -0.0
0.0 -0.0
0.0 -0.0
0.0 -0.0
0.499256360308 -2.49995073076
1.81241022834 -6.21275386335
4.25173490834 -6.71652136906
4.65338698694 -7.57852486052
6.13837610495 -6.41133438756
5.00457087609 -5.12306401091
6.1004768641 -5.90866648579
7.21768060352 -5.37331052309
6.64367074915 -5.29040173244
6.36131502195 -4.50406668696
6.4361195495 -5.1344047378
7.14566254257 -5.10928986313
5.85333460251 -7.06009127348
4.10531207555 -5.33415039636
4.62091196541 -5.83031727743
3.20977969915 -5.91298778453
4.38194735976 -7.27925587517
4.83086987312 -6.56337648002
3.9233849897 -7.88520983269
4.19169920171 -7.32644957891
4.07911035315 -9.22705650128
3.58438385471 -7.12988151481
4.15912886523 -7.03301068561
5.18561720759 -9.51152185985
5.54333910745 -9.15996633229
5.79629884715 -9.9706077046
5.9221695876 -9.22548889245
6.39090751343 -8.24129050242
5.04624717108 -8.38664064859
4.85801974484 -10.0842741792
5.04492513184 -6.25768152021
3.03558056528 -8.15995964287
2.70111046561 -7.8873494624
0.876911985838 -9.83616973565
2.79282447342 -7.23022078091
0.400419473982 -0.191387356379
1.62122465758 -0.184792842178
2.17151520822 0.1631868892
3.20073582471 0.125282587992
2.7611742084 0.848694190587
2.67058908189 0.511120202124
2.31343673778 1.23689092522
2.35923611733 0.675940235528
2.66537834054 -0.0164763285941
2.42708919843 1.0723611929
2.28751927405 1.39298599286
1.96183548088 1.21486274332
1.80638066884 1.40630423258
1.51549095779 1.49902790001
1.57273704435 1.92480295901
1.4230444498 -0.989738857765
2.32805429363 1.40947987823
1.43713089348 0.756507219178
1.53704512862 1.22126142728
1.61689301915 1.08187847226
1.57980270842 1.40724287878
1.16815196641 0.82365258191
2.06458170108 1.48436967821
2.18955746183 -1.2348473313
2.46196938256 -1.46024079741
2.76953585399 -1.43106266553
2.47968610808 0.81395686775
2.62801345 -1.2776742303
2.63228658441 -0.822635044864
3.43206528361 0.812983746015
5.70585004666 -13.1019447791
5.28404755617 -11.2474247773
5.99228032719 -9.81396804873
6.18130312264 -9.30935105177
5.23676270618 -9.03326383146
5.23441205026 -8.16885543688
5.79016399927 -8.18873923021
6.45785472666 -8.00169538483
5.75988301597 -8.21244085173
4.91747394931 -8.38593061717
4.2779262571 -8.92447678263
5.40067004822 -8.65975750273
4.63837262531 -8.11296396376
-1.81037920499 -0.12111998338
0.110587071975 3.56832988326
0.500953614351 3.0071969922
1.75009120759 2.93273752291
2.27617452728 0.630574536633
2.11669621578 1.58982062315
2.0151368905 0.972851647549
2.84037245584 1.19151117757
2.18188027233 0.496790680647
2.8262603275 1.57591637633
2.27676469133 0.298149665771
2.88376639397 1.70415634092
3.18463481144 1.74049586684
2.45410205489 1.49117294674
3.03718669537 1.66610495507
2.75286546782 3.84720534952
2.58311126695 1.56099060163
3.61013479537 1.58411130627
3.1384181264 3.4762353926
3.57929662737 1.42980599689
3.18775997789 3.3311589007
2.54315615662 3.24788575037
2.40990241165 1.36001094223
0.682740193045 -3.83826396052
4.04758606817 -10.5570983074
4.70202298689 -12.0322109729
0.0 -0.0
0.0 -0.0
0.0 -0.0
0.0 -0.0
0.0 -0.0
0.0 -0.0
0.0 -0.0
0.0 -0.0
0.0 -0.0
0.0 -0.0
0.0 -0.0
0.0 -0.0
0.0 -0.0
0.0 -0.0
0.0 -0.0
0.0 -0.0
0.0 -0.0
0.0 -0.0
0.0 -0.0
0.0 -0.0
0.0 -0.0
0.0 -0.0
0.0 -0.0
0.0 -0.0
1.34651373263 -2.11882718594
0.142496648916 -2.27412483124
-0.791666402778 -1.59826521808
-0.710302208642 -2.22348633013
-0.805379416736 -6.04456105462
-3.69641558259 -2.92301547856
-2.20861332306 -2.24066915761
-2.52852439573 -1.68548695676
-2.17192345909 -1.36738390613
-0.488781574035 -2.56046036381
-1.75690730924 -2.59163099786
-3.93926261699 -2.56507325914
2.73563472035 -4.97630618461
3.115531172 -6.72877365069
3.34269184231 -5.78437467664
5.39938159581 -7.84594890751
-2.33135185242 -8.69307532983
-2.92389750401 -2.89769767791
-4.310354394 -3.61031590425
-3.44884186382 -1.69190977088
7.23240070315 -6.85364843917
7.91988460604 -7.60195134256
9.08217168114 -5.52008841368
10.7716667207 -5.17389848043
10.8502284055 -5.91683846332
11.587638563 -3.36981922136
11.8970188268 -4.92938295277
10.9329285005 -1.13614734623
11.6687239116 -0.326896574844
11.6649740635 0.535707726385
11.5428921626 0.542702747423
11.1876945932 0.52799712009
10.2933467999 1.23694527481
9.91376553975 -0.514625798345
13.9328283911 -4.41949584399
3.71516587632 -4.24790541478
9.6454816218 -5.24955645428
6.26176591701 3.44614205168
0.307416362477 3.39408014927
-2.92402590368 1.50823021591
-1.16807799414 -0.147540221369
-2.72587964251 -0.00734354777907
2.33264143723 -3.56846120859
2.39985635393 -0.347176988533
3.04002892455 -2.29505804935
3.16146616126 -1.63935518371
2.68146021187 -2.67424976773
4.20176833003 -4.3503120771
5.15699122799 -3.18710167359
3.98728508774 -3.73425140746
4.31314689271 -3.92625043489
5.84877925149 -1.96200002328
5.26432549043 2.16275326609
3.78916169058 -0.799666830169
6.43548793379 2.12836549604
5.57540813674 0.00754715362112
5.77454835137 -2.6289312346
7.82730140869 -3.90401621646
7.59051349254 -2.72894893804
8.13575372734 -7.60027097987
10.2180497023 -3.74515812622
9.71609594479 -6.22654120046
8.94333762783 -6.89596043047
7.38425530901 -6.55111181695
11.3846241206 -2.81494849405
10.3612830516 -6.88918217395
10.0781374919 -7.19965666529
9.38242622546 -8.69724730456
7.32189262359 -8.42200221718
7.68373126388 -7.53327172166
6.68970281688 -6.91701803719
4.97275586363 -7.01899314985
5.74099454938 -7.07037033045
4.48009281773 -6.05065329394
3.75060500466 -4.72203312944
3.38333476673 -6.5544556631
0.0437731469354 -3.2759868572
1.61134535105 -2.29148071067
2.64763918055 -5.57712974846
2.37597645923 -3.0343190764
3.63494960722 -4.04491174182
5.35812417938 -7.32636082732
3.45859093927 -5.93536048674
2.22305637295 -6.10608068204
0.779454831719 -9.43487352037
4.2517765479 -10.1886603375
3.52774080474 -7.95975967753
4.44699697313 -5.42497652937
-1.74449931504 -1.44164249584
-3.33267901924 -0.584652624062
2.09656052822 -5.17080273888
-2.05351759692 -3.77381805252
3.03005715256 -6.26391456265
3.253834672 -9.80789469791
5.27337076159 -8.67385472622
4.3894409206 -9.2092436757
5.96029186725 -8.61345178857
3.21468315849 -8.03747311196
4.77436761295 -8.2259250745
5.89451057734 -9.58345277065
3.26118231241 -8.5481229927
-3.39093966426 -7.63923569969
-3.55359951304 -8.21360365676
-1.19578940449 -5.81943932029
-4.71427771881 -6.87371806152
-3.16134639393 -8.19141331354
-6.93359683099 -7.54609280233
-3.39878728838 -3.33173376575
-2.76226163071 -5.38558179146
1.13821893009 -7.35071570774
5.90119078264 -7.04708961256
5.35890893342 -6.31996467715
5.80163441938 -6.13448884757
5.69073931086 -6.69829730898
5.10485060744 -6.72851643838
6.30610742497 -7.52930479728
5.61453403759 -7.06336489412
5.64267535227 -6.06657056841
5.79160603595 -4.77244157449
9.64176470686 -3.01935590133
-0.00877443326725 -9.1116154829
3.61730482253 -12.1412984955
4.02806039317 -8.50607049596
4.75231524736 -6.94763469024
1.55694448672 -9.56119837597
1.44264178062 -9.64050904876
3.14315310074 -5.30120096437
2.85441460518 -10.5405076337
4.57709783754 -8.90374105779
6.81946416091 -9.48995505579
4.96604588026 -10.2438210647
6.44575621003 -8.84781537028
5.57146563763 -7.89153766723
5.51059607083 -10.5789570342
4.76654197198 -7.34658251801
7.09292535019 -9.59881326514
4.34958048861 -9.14469842261
6.69220966182 -6.94546544617
3.26708295217 -10.1934110705
7.19983536431 -9.46885607363
4.70074683722 -10.2353831458
5.09342145039 -10.0466898958
5.2246103852 -9.01180494883
5.03064924907 -8.79523795057
4.85688132382 -8.72310558332
4.76311939886 -7.49154468807
5.92632052114 -7.4208547228
5.61420171494 -6.98547395
5.35038767495 -7.48298254268
5.88604994589 -6.91494297798
5.19853715247 -7.61757627073
5.46674691381 -6.65764917547
4.39899017783 -6.78401976676
-0.219232566734 -5.02024205377
-2.45332503523 -8.22448455375
1.17350285269 -1.31152408942
2.23896141562 0.156885048819
1.79315421206 -6.11109164887
2.4107936149 -4.96672192698
6.39208879375 -7.34945310441
5.31845745145 -6.38783973889
2.04087899465 -7.85130801297
3.77016970832 -6.2145162512
2.29365780678 -6.59872019413
5.77512626836 -8.72443206966
4.99051194776 -5.82001531717
5.9223637117 -3.24651843105
0.916381211615 -4.78134745532
3.83618409238 1.16088374822
5.23654736259 -2.36316260379
5.18398051548 -5.60404224201
4.7567430676 -4.81716196283
5.21290360758 -6.75991593728
4.91993613728 -4.90558592141
3.4029162482 -5.42941594165
-3.49419675023 -8.84205505328
0.0 -0.0
0.0 -0.0
0.0 -0.0
0.0 -0.0
0.0 -0.0
0.0 -0.0
0.0 -0.0
0.0 -0.0
0.0 -0.0
0.0 -0.0
0.0 -0.0
0.0 -0.0
0.0 -0.0
0.0 -0.0
0.0 -0.0
0.0 -0.0
0.0 -0.0
0.0 -0.0
0.0 -0.0
0.0 -0.0
0.0 -0.0
0.0 -0.0
0.0 -0.0
0.0 -0.0
0.0 -0.0
0.0 -0.0
0.0 -0.0
0.0 -0.0
0.0 -0.0
0.0 -0.0
0.0 -0.0
0.0 -0.0
0.0 -0.0
0.0 -0.0
0.0 -0.0
0.0 -0.0
0.0 -0.0
0.0 -0.0
0.0 -0.0
0.0 -0.0
0.0 -0.0
0.0 -0.0
0.0 -0.0
0.0 -0.0
0.0 -0.0
0.0 -0.0
0.0 -0.0
0.0 -0.0
2.18221708832 -6.09477085575
2.58218068339 -5.1418879401
1.5978345822 -5.09336771159
1.58597923718 -5.57954599364
1.79318602553 -4.70082309111
1.44860834161 -5.58281955032
-0.330318106244 -7.81485364528
0.163651538427 -7.75394668629
0.858123051501 -8.04570646147
0.800776149161 -7.69802874467
1.2255315358 -7.80097279707
1.5323925399 -8.16872986592
1.54380377319 -8.18895978099
1.31972229823 -9.37312395704
1.27044210895 -9.83814061525
1.90045761296 -11.0593739773
2.2959500111 -11.4922500375
1.96600914487 -7.95821939005
1.61744879298 -13.5756995987
2.05829464975 -15.5509719058
1.69438199106 -15.9274769701
2.65398204723 -14.628155778
2.32268691674 -12.1592207492
3.12857952243 -12.8177083472
4.06047425467 -9.53222927403
3.29713049426 -13.2988090289
3.19475611374 -12.8989260907
3.08325703439 -13.7590696033
1.68137501287 -9.97965580707
0.173227447758 -18.4920983618
0.29544283333 -16.4580800826
1.89632150379 -10.5140362563
-0.439021621297 -12.2056221349
1.44864358241 -10.5292474334
-1.26729854259 -10.9985134543
1.95432465472 -5.40743093591
-0.161297510568 -9.61907145548
0.707499866786 -8.47279798115
-0.207196949393 -7.72220576925
-1.92923651691 -9.57087333157
2.85818312132 -7.8496955266
-3.98715186098 -6.37426095458
-1.87808243908 -5.39659968457
-0.419099198835 -5.40202529981
1.82332690725 -4.88898701897
1.0796228612 -3.02485219095
1.44012260719 -3.92354049921
1.07784744017 -4.39710625741
1.33591895094 -4.25943852951
1.21449787115 -1.89127802123
1.20965016194 -1.2261784098
1.27000338925 -0.541147403032
1.92023906189 -2.7201695048
1.8778395555 -3.17077867819
0.819008240689 1.31569251881
-1.42385400697 -3.45559122073
-1.79034421949 -4.20872895539
-2.45027807087 -5.98752622788
-0.452252157149 -1.92865044517
-1.77008697761 0.00864675248895
1.28678726315 0.786316321191
2.83649721971 -2.39242586027
3.02984008569 -2.32905628987
2.9149502804 -3.29638399494
2.2159479268 -2.38935681584
2.11650228843 -2.86521165035
2.57217531891 -2.88607429198
1.68126916529 -3.4295723755
2.63166296683 -3.03637689394
2.68429419679 -3.32233181921
2.82693722639 -3.48105626858
2.55149199996 -3.16360231965
2.84718771466 -2.80340470193
1.95494446212 -4.41640312573
2.24790252202 -3.81128751354
2.1767133415 -4.05034773349
2.60613761009 -3.79252207771
1.4404403111 -3.86989702633
2.05949784278 -3.36969523148
1.99891323269 -3.79917991915
1.469969613 -4.77060211327
2.26886647449 -3.60863951919
1.48488552788 -3.79578804381
2.78209340292 -5.59111994161
2.03364236742 -5.87048071052
1.6103837928 -4.53898169844
1.6684944203 -5.22973364352
1.79844020415 -5.56961857775
1.68713443463 -5.87512192075
1.18480735965 -6.74697285925
1.86782668704 -6.46212572218
2.0009926289 -6.58855580079
2.74360746072 -6.6462179194
1.67051878897 -7.51186606519
2.7125870782 -6.54190708493
2.44673025357 -6.57590298207
2.84357565261 -6.45853375082
2.68236105466 -6.83194019517
2.92863566081 -7.66130572863
0.788275769023 -6.0797074667
0.684441350572 -5.1981805753
-0.294105645803 -3.55876831354
-3.06798450687 -0.985810136416
-3.48404767965 0.0640006780482
-3.3821884632 0.0705557468566
-3.83388466755 1.22536657405
-4.63475716444 1.61416237093
-4.3623352359 1.18825353319
-6.07618576807 2.09100520921
-6.7491062697 4.04224416521
-5.95144817245 3.88672033243
-6.41809467931 4.2550071559
-6.25890494058 3.52805083635
-5.94551085998 2.94697848653
-1.59665695213 -4.26917440123
1.57467815304 -8.38700900684
1.536219281 -7.42905681699
1.4255995464 -7.06332220508
1.91159909069 -6.4947268312
1.5340587291 -6.32603441081
1.50515328744 -6.89277813044
1.73619184737 -6.84381704524
1.45525912096 -6.76453893525
-3.29483256642 -2.15193496681
-5.83620609965 -1.19113702886
-7.00080518994 -2.61142686112
-7.10142736431 -1.02256780221
-1.72856799708 -7.6235047292
-1.16045177604 -8.41298232062
-7.10738567785 -4.44946517887
-6.00823158344 -4.68582121144
-5.04314548135 -5.15048182291
-5.79812855638 -5.37584055505
-4.72707485576 -0.556001763386
-3.04412078474 -6.88857295851
-3.44000683913 -6.1637320052
-2.29059909357 -7.16715152029
4.25361468191 -6.18537931874
3.52845257298 -6.32122163815
3.44664225798 -6.07770065646
3.82152560921 -6.18248634758
3.74480414555 -6.04789853732
3.94366928638 -6.05817742588
4.35843903795 -6.12077045046
4.21540019692 -5.94382958133
-2.55052277398 -2.84269847534
-1.99789913669 -4.38091738209
-2.43041374388 -1.40026324741
-3.69181013116 -1.25593436112
-1.37907603931 -4.86300677553
2.56597960945 -4.8044899799
-0.242712611662 -6.01007850362
0.610816808838 -5.26826407371
1.88746310503 -6.98949154822
2.48059949268 -7.29777997233
1.80074071502 -6.6109090423
2.20105507902 -6.04212614103
1.42639406744 -5.32815033014
1.85532468706 -7.4702523188
1.51460436476 -7.09488950795
4.35015219618 -5.52091626494
2.42720475421 -6.51767351986
3.40656588646 -6.45090703991
3.85261789557 -8.24465773657
0.356735662795 -7.72420312788
1.32338404824 -4.89926805179
-2.02222121589 -11.2820528577
5.52248157438 -5.93196857564
2.988320187 -6.9524689598
2.12198867603 -7.0761737517
0.749656160487 -8.09782208654
6.49695839109 -8.25446869058
2.8574691814 -7.12809276186
2.56845739318 -7.26645046516
2.32911133354 -6.73840386159
2.06232654411 -6.38978835428
2.0566543528 -6.34617150097
2.8458905012 -6.43261559456
2.58449052505 -6.2856268075
2.50368052429 -6.18517501877
2.31927954235 -5.62605047265
2.00079205665 -6.08545591687
2.47326214557 -6.13330162634
2.18886558379 -5.92806125197
2.48023794684 -6.31522725586
0.162815994434 -7.1866100519
3.57061775252 -6.30002113241
5.84131155977 -6.20884515926
1.21272077678 -12.5192006133
-0.993666471048 -9.1728734405
1.02791772222 -7.44542762903
0.385012326563 -7.40545919924
4.03552689722 -6.51899975711
5.60389354684 -6.11890013895
5.98635836436 -7.06240582915
6.62853101611 -5.95787512229
0.738193661894 -8.84243274619
2.88862405232 -8.03529613182
6.53350143721 -5.39367409001
7.26574583388 -7.55996646086
4.76725362825 -5.40076697374
5.62904017701 -6.72996547007
5.79081184275 -4.74405787728
5.02006952713 -6.38746512302
3.59423242833 -3.10221501387
2.51896492499 -8.6239293639
0.750499438917 -9.26916373263
-0.223292458097 -8.88828818634
-1.27934568481 -8.8119948302
-3.35496957504 -8.11534655759
-2.83002925523 -8.22134792722
-0.242244609677 -5.19113012411
-0.173078407478 -9.14932081152
4.94405443729 -7.97783566904
4.47000096306 -5.83297323542
4.40018994132 -4.11352430345
4.86302177471 -5.34893205281
4.52764197398 -2.08509734296
4.80996394171 -2.40289796048
4.91901337455 -2.50438980019
4.58066832043 -2.75445823046
4.98917198084 -2.79766908167
5.09683002034 -1.95476745976
5.51787052305 -2.25569292621
5.02103830008 -1.37790864615
6.17266457888 -3.72377173933
6.88206834244 -3.61872877856
6.8913172256 -2.72614760731
7.2795100304 -5.81142531605
7.07204437242 -4.71630915857
6.75968624573 -3.17765060468
6.20046471374 -3.59706909515
6.4440236704 -3.32180943595
6.3799215688 -2.75891481925
5.91511102206 -2.53223222266
6.00308630791 -1.89610131456
5.99496882675 -3.04832279738
6.06300405684 -2.9670821385
6.5884831509 -3.3204699739
7.18987795799 -4.0925675425
5.91511969192 -2.43733051277
4.29055913412 -9.12136755553
-7.07354016116 -7.51269825103
-8.09110831495 -6.02770100006
-8.12538243934 -6.52826351299
-8.32537645023 -6.85782862963
-8.89152558846 -6.25053668227
-12.5549808606 -6.30849751895
-10.4067521177 -7.53425212801
-8.20014200371 -9.96673566354
-4.28984107043 -12.5251887888
-2.95708228961 -9.20562689082
-3.79117355973 -6.57456702506
2.95171459155 -8.15005410006
4.7917402746 -10.6709287716
2.76828138575 -5.79616452283
0.36445371953 -4.74592662088
-1.20690956229 0.52458844994
-1.86448151324 -0.299942999557
-3.8951536964 0.131581291117
-4.50883428475 0.510859541826
-4.48504849721 2.88756236827
-4.17805522728 4.01389346691
-4.44271447376 0.38750581787
-4.25132174778 1.71080759579
-4.45140565155 0.372920677579
-3.85952256032 1.23446132467
-4.88836178461 0.104910323366
-4.8816147388 -0.721879986499
-5.10132960626 0.0972702728204
-4.81203970329 -0.192656056154
-4.23064684946 -1.65540439081
-5.17408927336 0.0282966029689
-5.08664677854 -1.83759529345
-4.33469760315 1.78427832375
-5.94443069272 0.954890512313
-4.76125011546 1.89074375138
-4.95808118802 -0.432958114215
-5.8866690028 -1.55930923643
-5.07728293778 0.160648974172
-4.67716292532 -0.167744491769
-3.82221369207 0.595059861434
-4.44953181979 -0.237150868442
1.05312861429 -2.14637250628
9.97286862917 -6.7467204795
11.3540692964 -4.21846645857
11.9171704538 -3.2319993918
11.2236159751 -3.73990088875
10.5368333949 -4.25756852761
11.1290722107 -3.67514453257
11.9136194073 -4.59090860783
8.86895673715 -4.27483975131
8.98002490467 -4.06836335774
4.5445801136 -3.95327917108
1.48751355322 -0.941584334218
5.34359096291 -6.292843001
7.20549602847 -6.62538819893
4.01281903237 -7.18668849136
2.91041248987 -8.11068007486
3.99032621186 -8.77862901435
2.76183612784 -8.24434672985
1.5464694056 -9.77809403109
1.84335464748 -9.36948073359
2.73093338837 -9.76754946999
3.5145966677 -11.0560767699
2.07503759437 -8.55481044619
2.32608057547 -9.98277921866
2.18409621114 -8.60279316969
1.34865163055 -9.99929628372
1.5096503832 -7.87756479313
1.14565207863 -7.29418780794
0.0686269785394 -7.97350424085
1.87373521181 -8.76681606851
1.0041111661 -6.86873259545
1.21392643207 -7.15316953279
1.21759203822 -6.83859363297
3.24322310462 -8.83083170877
1.6296340891 -7.36207292357
2.30387606189 -8.88607009076
1.60671847695 -7.5074742719
1.13642211046 -9.48217208046
0.777983970332 -8.18031272002
0.473733886441 -7.04675579576
1.75895647124 -8.88566556303
2.3922452028 -8.28728866222
2.11273249404 -8.27205509982
1.67903231227 -6.9027298146
2.11089571909 -7.19393323693
2.50458447794 -7.77817664372
1.69272396416 -7.81798476229
2.45646342742 -7.80138636449
2.34866918633 -7.50975216974
2.39718199067 -7.31840735506
1.34567413397 -6.94549129688
1.50050936497 -5.87034186155
2.5706393221 -7.25010028902
2.30561226161 -7.40640533315
2.61236250458 -7.01055657816
1.93866868061 -6.54678809778
2.47915878318 -5.32557378905
2.4021844661 -6.37219032966
2.31154842545 -6.48074147564
1.52020062412 -5.9001324782
3.39555598272 -8.91221511634
3.07983331847 -6.39103729009
2.84302658127 -6.76167728385
1.63337642568 -6.061610799
2.77102665193 -5.30199476111
2.30413306972 -6.01218801182
2.91294272421 -7.69890535264
3.07331631297 -8.23698289334
2.00496175858 -6.31830085072
0.578055247636 -9.08313614855
-0.164934899694 -5.79308326107
0.108464960083 -4.45622456279
-1.2132125833 3.18172165105
1.16682024133 2.14992764375
-0.823293690721 -4.5579475218
-0.861263664338 -5.94720660817
-0.0577492242794 -5.34084255689
1.29229101374 -5.10014322424
1.07238879165 -5.9555031364
1.60705521985 -5.68097993002
1.5805501327 -5.00313672591
0.343345715481 -6.47673372416
0.969224323335 -5.35994398942
2.10238083802 -4.79223766689
1.39922714439 -4.75226684204
1.47784515897 -5.44058775325
1.71441082861 -4.92018356234
0.98395996965 -5.26392321646
0.998708608061 -6.02220372554
0.882502021173 -5.99501985196
0.988321696384 -5.7908354649
1.3637225427 -5.70453958478
1.67665686784 -5.77948956355
1.2114168047 -5.67506553255
1.41125956514 -5.18317815763
1.36165362975 -4.7830483686
1.89480202639 -4.38179602008
1.49014409872 -5.61899804074
1.93119605376 -4.76120471161
0.621700546487 -4.56393778105
-1.62513335084 -4.16384616283
-2.35770658521 -15.7597582528
-2.31168525379 -12.1132853336
-2.10491576347 -10.6868053721
-1.40030181191 -10.1899856023
1.78267963063 -8.53457152575
1.61560284741 -6.72277923406
2.03030486207 -6.31257791999
3.26510146358 -6.18787026797
2.64007753872 -7.01549464752
3.97024650676 -4.91655720479
3.11232365958 -3.78076560552
2.31559845622 -2.83594125707
2.94301372728 -4.64458046809
4.10276318302 -2.60575526718
3.42454324279 -3.16319494463
3.34133599372 -2.87894981257
3.63082205958 -3.87965958482
2.5123426138 -1.45819485865
3.45311019743 -1.84078045926
3.65802741592 -1.10371073731
4.31099228693 -1.19846714296
3.71676019305 -2.23087778463
2.99442879261 -4.46036449446
3.36797906805 -6.64441480918
6.66854703055 -5.68664992893
5.15974806521 -4.67588143967
5.03783670523 -4.60952862696
2.54907479323 -5.93193461207
4.63859101075 -6.18731609215
4.3475269196 -4.36015858759
3.89208729947 -4.5272569852
4.5184460474 -4.81226967915
4.8621889038 -5.40054705725
3.71259014741 -5.12915908796
3.35564062782 -3.27603186893
4.5056487211 -4.56141334054
5.28377956936 -5.07359718839
5.1475197654 -3.19699528745
4.59300001073 -3.52889187567
3.85538155663 -3.4333371209
4.67881453503 -3.49363291345
4.07633242093 -3.80569739359
4.09959529398 -3.58723775995
5.7778448782 -5.27531286109
5.26424534735 -2.58715017568
2.57871786207 -4.80336933858
4.63208938876 -3.99187418421
1.73318913638 -4.74937925628
2.59663989483 -3.70470663401
2.09735259983 -4.4496723676
4.85985533146 -4.19571878374
3.98655620421 -5.28862618949
3.61684778107 -5.80652823681
3.19216245895 -7.16512528311
2.92950237788 -10.5182677756
2.1299173488 -10.5797552351
2.7374675942 -3.66585116335
0.136296581009 -8.34566806118
-0.0984471763997 -9.48191696084
-0.181012129573 -9.34563768692
-0.381853461383 -8.92826841857
0.11387025744 -8.99447477656
1.77884083921 -8.45728815473
3.34250627059 -8.67338452112
2.51119613766 -6.63310149635
3.0487696879 -7.33098360138
1.43376278876 -7.20469856159
2.0685174811 -7.4859836437
1.82398968038 -6.86956484444
1.13505712501 -6.66991820386
0.923937579363 -7.26869474673
0.0412901216563 -6.39808818758
-0.126133368016 -7.4026737091
-0.213802096895 -7.01211232518
-0.690713924708 -7.31602437888
-0.650108256638 -6.06256519328
-1.02797756907 -6.78181993126
-0.904778161078 -6.89006280993
-0.0370807249671 -6.71509470051
-1.38920891941 -7.06554864103
-0.128937611863 -6.44066710077
-0.161402762918 -5.21874022521
0.232136847449 -8.45433123657
0.449787517527 -8.63765183402
-0.56868853647 -9.06065407376
0.127343139116 -8.73377760552
0.171223074908 -10.0528585477
-0.306815557167 -8.98552050479
-0.464739588567 -7.61195642669
0.714923299563 -8.85070196499
-0.833614632355 -8.51962274304
-0.47156173077 -8.01583694257
0.498703092633 -8.59431577643
1.63189670086 -8.18519188555
1.17914357332 -8.51927578723
0.873574645617 -8.0285196513
1.726891725 -8.34727816554
1.52466615097 -8.44059697104
1.30537969672 -8.16756403776
